"p"	"n"	"pCor"
"1"	0	19151	0.773392408602153
"2"	0	19151	0.744249974463698
"3"	0	19151	0.718719738582279
"4"	0	19151	0.723704093569885
"5"	0	19151	0.69962205082113
"6"	0	19151	0.830966350274844
"7"	0	19151	0.786967774638073
"8"	0	19151	0.725417241114177
"9"	0	19151	0.81820660812723
"10"	0	19151	0.806617047107527
"11"	0	19151	0.707787345830018
"12"	0	19151	0.628051115369147
"13"	0	19151	NA
"14"	0	19151	0.701610011750308
"15"	0	19151	0.770943174336331
"16"	0	19151	0.770555144650108
"17"	0	19151	0.713125136943529
"18"	0	19151	0.723932119367575
"19"	0	19151	0.697196775432954
"20"	0	19151	0.658079516118283
"21"	0.1	17220	0.765929914252728
"22"	0.1	17220	0.746826044587765
"23"	0.1	17220	0.85985677412901
"24"	0.1	17220	0.751668970824512
"25"	0.1	17220	0.82484867337136
"26"	0.1	17220	0.808118590590266
"27"	0.1	17220	0.781679386223182
"28"	0.1	17220	0.75617743067823
"29"	0.1	17220	0.766820196769865
"30"	0.1	17220	0.715098847843542
"31"	0.1	17220	0.765212457826439
"32"	0.1	17220	0.800220431589415
"33"	0.1	17220	0.774198658179234
"34"	0.1	17220	0.682352258383721
"35"	0.1	17220	0.743450785292506
"36"	0.1	17220	0.825164993624011
"37"	0.1	17220	0.731476641078998
"38"	0.1	17220	0.702687945131862
"39"	0.1	17220	0.728294894661859
"40"	0.1	17220	0.818337253104703
"41"	0.2	14926	0.77334445222375
"42"	0.2	14926	0.789527135641783
"43"	0.2	14926	0.767117207957549
"44"	0.2	14926	0.83417123341275
"45"	0.2	14926	0.837817149925166
"46"	0.2	14926	0.792393771182757
"47"	0.2	14926	0.782595690493141
"48"	0.2	14926	0.799620592719836
"49"	0.2	14926	0.802732010112683
"50"	0.2	14926	0.761077502380829
"51"	0.2	14926	0.78517973298419
"52"	0.2	14926	0.788686583449435
"53"	0.2	14926	0.870899528315976
"54"	0.2	14926	0.841557887658893
"55"	0.2	14926	0.816861519128841
"56"	0.2	14926	0.720905862448281
"57"	0.2	14926	0.743145389829052
"58"	0.2	14926	0.817345654722441
"59"	0.2	14926	0.716977151759927
"60"	0.2	14926	0.717002003970503
"61"	0.3	12597	0.781263524674526
"62"	0.3	12597	0.807538551209559
"63"	0.3	12597	0.699449927396508
"64"	0.3	12597	0.755791592374708
"65"	0.3	12597	0.844272001778911
"66"	0.3	12597	0.813712647600725
"67"	0.3	12597	0.783072261302052
"68"	0.3	12597	0.705293659117527
"69"	0.3	12597	0.831365539581374
"70"	0.3	12597	0.794575843026119
"71"	0.3	12597	0.761839116438761
"72"	0.3	12597	0.641775071582351
"73"	0.3	12597	0.783237784757228
"74"	0.3	12597	0.607343799055633
"75"	0.3	12597	0.721383782302078
"76"	0.3	12597	0.743956271848257
"77"	0.3	12597	0.762646267360591
"78"	0.3	12597	0.803542311580439
"79"	0.3	12597	0.737275898341988
"80"	0.3	12597	0.724385436252962
"81"	0.4	10280	0.768700176287901
"82"	0.4	10280	0.822188661917411
"83"	0.4	10280	0.79956326046666
"84"	0.4	10280	0.568883981543857
"85"	0.4	10280	0.769816553957244
"86"	0.4	10280	0.738246873513471
"87"	0.4	10280	NA
"88"	0.4	10280	0.744508381115624
"89"	0.4	10280	0.800220071278054
"90"	0.4	10280	0.759676345378454
"91"	0.4	10280	0.772720368419493
"92"	0.4	10280	0.864113298724566
"93"	0.4	10280	0.774797917537561
"94"	0.4	10280	0.740520000128242
"95"	0.4	10280	0.78280069999799
"96"	0.4	10280	0.718382860374483
"97"	0.4	10280	0.748833786518312
"98"	0.4	10280	0.755909647990989
"99"	0.4	10280	0.759686157865628
"100"	0.4	10280	0.818041576692569
"101"	0.5	8153	NA
"102"	0.5	8153	0.769635006656128
"103"	0.5	8153	NA
"104"	0.5	8153	0.811146345602842
"105"	0.5	8153	0.748186065194109
"106"	0.5	8153	0.758542905531875
"107"	0.5	8153	0.807574000854324
"108"	0.5	8153	0.692345095606551
"109"	0.5	8153	0.816893947234574
"110"	0.5	8153	0.733314978580942
"111"	0.5	8153	0.787168965734057
"112"	0.5	8153	0.657735851271858
"113"	0.5	8153	0.796310687213231
"114"	0.5	8153	0.688001332210331
"115"	0.5	8153	0.789042904046854
"116"	0.5	8153	0.673912824946773
"117"	0.5	8153	0.786458191078675
"118"	0.5	8153	0.647851905992997
"119"	0.5	8153	0.835956307079888
"120"	0.5	8153	0.783438898648023
"121"	0.6	6045	NA
"122"	0.6	6045	0.770650822552481
"123"	0.6	6045	0.804546482138885
"124"	0.6	6045	0.783766224211768
"125"	0.6	6045	0.755408677753161
"126"	0.6	6045	0.749404826033316
"127"	0.6	6045	0.723518564235707
"128"	0.6	6045	0.594919630481579
"129"	0.6	6045	0.728970668062819
"130"	0.6	6045	0.702302228106797
"131"	0.6	6045	0.745250122199295
"132"	0.6	6045	0.71973307968971
"133"	0.6	6045	NA
"134"	0.6	6045	0.835935914960993
"135"	0.6	6045	0.900193172032279
"136"	0.6	6045	0.703543094389955
"137"	0.6	6045	0.696450458930072
"138"	0.6	6045	0.767004059965305
"139"	0.6	6045	0.718027028282734
"140"	0.6	6045	0.731874201661138
"141"	0.7	4206	NA
"142"	0.7	4206	0.662592206608682
"143"	0.7	4206	0.613799307147025
"144"	0.7	4206	0.788521633390682
"145"	0.7	4206	0.759648887702989
"146"	0.7	4206	0.789474816016164
"147"	0.7	4206	0.804083959979659
"148"	0.7	4206	0.766076484827915
"149"	0.7	4206	0.782139917514773
"150"	0.7	4206	NA
"151"	0.7	4206	0.799935460599154
"152"	0.7	4206	0.41526823207608
"153"	0.7	4206	0.760598142644035
"154"	0.7	4206	0.766963878105027
"155"	0.7	4206	0.73988575272242
"156"	0.7	4206	0.655012674662917
"157"	0.7	4206	0.780885530067797
"158"	0.7	4206	0.780471821333515
"159"	0.7	4206	0.535414741208063
"160"	0.7	4206	0.786365856724617
"161"	0.8	2522	NA
"162"	0.8	2522	NA
"163"	0.8	2522	0.370537982286337
"164"	0.8	2522	0.713210157977146
"165"	0.8	2522	NA
"166"	0.8	2522	NA
"167"	0.8	2522	NA
"168"	0.8	2522	0.779237800707381
"169"	0.8	2522	0.475379638158952
"170"	0.8	2522	0.374210265982494
"171"	0.8	2522	0.34801249523302
"172"	0.8	2522	0.796844256229015
"173"	0.8	2522	0.617712670599144
"174"	0.8	2522	0.87008686174433
"175"	0.8	2522	NA
"176"	0.8	2522	0.685329656405636
"177"	0.8	2522	0.70257235960929
"178"	0.8	2522	NA
"179"	0.8	2522	0.342082116392638
"180"	0.8	2522	0.633077803573522
"181"	0.9	865	NA
"182"	0.9	865	0.754545437489579
"183"	0.9	865	NA
"184"	0.9	865	0.617902569109244
"185"	0.9	865	NA
"186"	0.9	865	NA
"187"	0.9	865	NA
"188"	0.9	865	0.677344655466821
"189"	0.9	865	0.424724250722121
"190"	0.9	865	0.779024155371984
"191"	0.9	865	NA
"192"	0.9	865	0.751617115838258
"193"	0.9	865	0.754036568272744
"194"	0.9	865	0.420187303372125
"195"	0.9	865	0.686259689963334
"196"	0.9	865	0.761623687319578
"197"	0.9	865	NA
"198"	0.9	865	NA
"199"	0.9	865	0.801300070369763
"200"	0.9	865	NA
"201"	1	0	NA
"202"	1	0	NA
"203"	1	0	NA
"204"	1	0	NA
"205"	1	0	NA
"206"	1	0	NA
"207"	1	0	NA
"208"	1	0	NA
"209"	1	0	NA
"210"	1	0	NA
"211"	1	0	NA
"212"	1	0	NA
"213"	1	0	NA
"214"	1	0	NA
"215"	1	0	NA
"216"	1	0	NA
"217"	1	0	NA
"218"	1	0	NA
"219"	1	0	NA
"220"	1	0	NA
